0.000000
1.000000
0.000000
1.000000
0.000000
0.000000
1.000000
1.000000
1.000000
1.000000
1.000000
1.000000
1.000000
1.000000
0.005927
0.000000
1.000000
0.000000
1.000000
0.000000
0.883425
0.000017
1.000000
1.000000
0.000000
0.000000
1.000000
1.000000
0.000000
1.000000
1.000000
0.000000
1.000000
0.000000
0.000000
1.000000
0.000000
1.000000
0.000000
0.000001
1.000000
1.000000
0.000005
0.000000
0.000000
1.000000
0.000000
0.000000
0.000000
0.000000
1.000000
1.000000
1.000000
0.000000
0.000000
1.000000
1.000000
1.000000
0.000000
0.000000
1.000000
0.000000
1.000000
0.000000
0.000000
0.000000
1.000000
0.000000
0.000000
0.000000
0.000000
0.000000
1.000000
1.000000
1.000000
0.000000
0.000000
1.000000
0.000000
1.000000
0.000000
0.000000
0.000000
0.000151
0.000000
0.000000
0.000000
1.000000
0.000000
1.000000
0.000000
0.000000
0.000000
1.000000
0.000000
0.000000
1.000000
0.000000
0.000000
0.000000
0.000000
0.000009
0.000000
1.000000
0.000000
1.000000
0.000000
0.000000
0.000000
0.000000
0.000000
1.000000
0.000000
0.000000
0.000000
1.000000
1.000000
1.000000
1.000000
0.000000
0.000000
0.000000
0.000000
0.000000
0.000000
0.000000
0.000000
0.000000
1.000000
0.000000
0.000000
1.000000
0.000000
1.000000
0.000000
0.000000
0.000000
0.000000
0.000000
1.000000
0.000000
0.000000
0.000000
0.000000
0.000000
0.000000
1.000000
1.000000
1.000000
1.000000
1.000000
0.000000
1.000000
0.000000
0.000000
0.000000
1.000000
1.000000
0.000000
0.000000
0.000000
1.000000
1.000000
1.000000
0.000000
1.000000
0.000000
0.000000
1.000000
0.000000
0.000000
1.000000
1.000000
0.000000
0.000000
0.000000
1.000000
0.072485
1.000000
0.000000
0.000000
1.000000
0.000000
0.000000
0.000000
1.000000
1.000000
0.000000
1.000000
0.000000
0.000000
0.000000
1.000000
0.000000
1.000000
1.000000
1.000000
1.000000
0.000000
0.011939
0.020225
0.168453
0.755758
0.781284
0.000000
1.000000
0.816716
0.000000
0.000000
0.170049
0.000000
0.289944
0.000007
0.183409
0.000004
1.000000
0.000000
0.000020
0.000000
0.670064
0.000000
0.000000
1.000000
1.000000
0.477199
0.000000
1.000000
0.000007
0.182905
0.000006
0.226114
0.000067
0.001601
0.976264
0.274058
0.336156
0.313125
0.239397
0.000000
0.000004
0.000233
0.000053
0.000000
1.000000
0.074538
0.047574
0.928935
0.000016
0.498715
1.000000
0.000180
0.002117
0.365337
0.321027
0.000102
0.000000
0.000000
0.000568
1.000000
0.534303
1.000000
0.000078
0.977063
0.000561
0.346139
0.000000
0.000000
0.000328
0.848640
0.735310
1.000000
0.003826
0.001068
0.000000
0.000000
0.003491
0.053021
1.000000
0.000390
0.000000
0.000000
0.030259
0.000000
0.000036
1.000000
0.000000
0.084270
0.315169
0.765106
1.000000
0.609591
0.000000
0.000212
0.004452
1.000000
0.144902
0.002297
0.000000
1.000000
0.000000
