0.001099
0.000982
0.000997
0.001004
0.000996
0.001050
0.000961
0.000945
0.001000
0.000960
0.000928
0.000920
0.000917
0.000893
0.000850
0.000816
0.000758
0.000816
0.000800
0.000756
0.000695
0.000633
0.000709
0.000648
0.000667
0.000726
0.000600
0.000603
0.000579
0.000585
0.000570
0.000539
0.000557
0.000566
0.000514
0.000494
0.000526
0.000526
0.000534
0.000512
0.000513
0.000499
0.000510
0.000502
0.000494
0.000524
0.000531
0.000481
0.000517
0.000457
0.000455
0.000467
0.000452
0.000454
0.000466
0.000480
0.000476
0.000493
0.000436
0.000445
0.000390
0.000394
0.000419
0.000390
0.000421
0.000373
0.000374
0.000382
0.000395
0.000375
0.000389
0.000401
0.000360
0.000337
0.000330
0.000332
0.000343
0.000347
0.000331
0.000318
0.000326
0.000303
0.000299
0.000307
0.000290
0.000290
0.000307
0.000328
0.000305
0.000282
0.000276
0.000297
0.000285
0.000282
0.000270
0.000260
0.000268
0.000267
0.000269
0.000291
0.000258
0.000255
0.000271
0.000293
0.000271
0.000243
0.000219
0.000233
0.000224
0.000227
0.000223
0.000229
0.000212
0.000212
0.000211
0.000211
0.000228
0.000215
0.000207
0.000216
0.000208
0.000213
0.000221
0.000224
0.000222
0.000215
0.000203
0.000189
0.000199
0.000199
0.000182
0.000165
0.000152
0.000152
0.000156
0.000152
0.000168
0.000145
0.000135
0.000142
0.000134
0.000127
0.000118
0.000112
0.000112
0.000114
0.000105
0.000103
0.000101
0.000098
0.000110
0.000104
0.000100
0.000103
0.000115
0.000108
0.000101
0.000101
0.000103
0.000096
0.000095
0.000107
0.000107
0.000104
0.000096
0.000099
0.000093
0.000102
0.000102
0.000110
0.000103
0.000096
0.000099
0.000109
0.000098
0.000101
0.000100
0.000093
0.000099
0.000104
0.000092
0.000096
0.000093
0.000097
0.000103
0.000101
0.000117
0.000103
0.000103
0.000097
0.000106
0.000113
0.000112
0.000100
0.000104
0.000099
0.000102
0.000112
0.000101
0.000104
0.000102
0.000097
0.000098
0.000102
0.000103
0.000105
0.000105
0.000104
0.000107
0.000108
0.000100
0.000098
0.000103
0.000100
0.000090
0.000109
0.000098
0.000100
0.000105
0.000100
0.000105
0.000097
0.000102
0.000104
0.000101
0.000102
0.000107
0.000098
0.000114
0.000095
0.000103
0.000106
0.000103
0.000094
0.000102
0.000109
0.000107
0.000091
0.000102
0.000102
0.000109
0.000103
0.000104
0.000091
0.000105
0.000100
0.000104
0.000108
0.000101
0.000097
0.000093
0.000104
0.000097
0.000096
0.000100
0.000111
0.000097
0.000101
0.000104
0.000099
0.000096
0.000108
0.000095
0.000114
0.000107
0.000100
0.000102
0.000110
0.000101
0.000098
0.000097
0.000093
0.000093
0.000096
0.000096
0.000106
0.000095
0.000099
0.000103
0.000108
0.000093
0.000094
0.000108
0.000109
0.000112
0.000098
0.000108
0.000095
0.000107
0.000091
0.000097
0.000106
0.000092
0.000104
0.000103
0.000100
0.000108
0.000103
0.000102
0.000093
