-4.266323199752028472e+01
-2.595173152178205100e+00
-3.804621871855322013e+01
-9.053794932226416847e+00
-2.999140537227529535e+01
-1.840261839732114524e+01
-1.969730061026046641e+01
-2.925840817871175403e+01
-8.685526330796164984e+00
-4.001179802315625267e+01
1.400120400496611239e+00
-4.903883982503371897e+01
9.009060376114170765e+00
-5.491339080009695550e+01
1.288659606415259162e+01
-5.659367867175651412e+01
1.223854288346104369e+01
-5.355988338129458981e+01
6.837521288614190951e+00
-4.588590268136002948e+01
-2.941942388387424501e+00
-3.423680903109408291e+01
-1.616339926920232628e+01
-1.979279940414672012e+01
-3.143810170894496281e+01
-4.109526688488511326e+00
-4.709026867319444420e+01
1.106753933632753473e+01
-6.135726766986147851e+01
2.401158388174291503e+01
-7.259989877985935891e+01
3.322004382255066446e+01
-7.949698527873454168e+01
3.759224996445389877e+01
-8.120068421569420991e+01
3.655774553658351067e+01
-7.743401572024389168e+01
3.014020504962145708e+01
-6.851940736857163472e+01
1.894994524222201449e+01
-5.533563104214873363e+01
4.106843656537584764e+00
-3.920929969433842643e+01
-1.289603710295913785e+01
-2.175500429626006138e+01
-3.037072081780726052e+01
-4.684243839922658026e+00
-4.663222363822208649e+01
1.039318930068438362e+01
-6.019177704208112800e+01
2.215115686448645249e+01
-6.992201409180015048e+01
2.969067970818194624e+01
-7.517458782816487428e+01
3.262830441677365911e+01
-7.583685952139207131e+01
3.111969361309827775e+01
-7.232201491987028419e+01
2.581693911036997235e+01
-6.549526324265529809e+01
1.776629295095003158e+01
-5.654661356363662605e+01
8.260252901437468154e+00
-4.682714440806005030e+01
-1.336654989334100208e+00
-3.766991158387154570e+01
-9.766125576407652886e+00
-3.021818500229429461e+01
-1.603595991103110308e+01
-2.528241467170342105e+01
-1.954184609840262610e+01
-2.324339924289905213e+01
-2.013636172947159864e+01
-2.401309090513956690e+01
-1.813734051194492380e+01
-2.705709575008217271e+01
-1.427544351264834255e+01
-3.147515128903504689e+01
-9.588388203463573234e+00
-3.612865218499814546e+01
-5.275873649962186107e+00
-3.979853784830041263e+01
-2.533994846778369947e+00
-4.135324608584494399e+01
-2.390297779414439105e+00
-3.990539515760428202e+01
-5.560327664415638083e+00
-3.493747879790390698e+01
-1.234363669582861078e+01
-2.638091049275931965e+01
-2.257213440181140029e+01
-1.463870252195794031e+01
-3.561704001485961868e+01
-5.491520997556165185e-01
-5.045337077220190025e+01
1.470475937611318074e+01
-6.577378744197039850e+01
2.972887725318261687e+01
-8.013759520831717964e+01
4.307772646146293027e+01
-9.213649501305098966e+01
5.342104850297707230e+01
-1.005567939573840874e+02
5.969673265081615909e+01
-1.045184173194151640e+02
6.123172373709448379e+01
-1.035741092031680353e+02
5.781660314456721039e+01
-9.775725778400823174e+01
4.972535993981699676e+01
-8.757318649412334821e+01
3.767865620999673126e+01
-7.393570749694937660e+01
2.275579587347708355e+01
-5.805737457136945068e+01
6.266777640780077263e+00
-4.130738564796864409e+01
-1.039949946007208226e+01
-2.505480740567124798e+01
-2.593216209393823490e+01
-1.051629229331389936e+01
-3.924139430188034083e+01
1.373420812553689530e+00
-4.957058128110983120e+01
1.005304481050227849e+01
-5.656466185727678209e+01
1.537807586909246282e+01
-6.028739991064980330e+01
1.761178785977840988e+01
-6.118670720291019194e+01
1.736628573805418085e+01
-6.001357599404659737e+01
1.550213938237592259e+01
-5.770581566672749574e+01
1.300009297548036358e+01
-5.525194823627868601e+01
1.082156857133849570e+01
-5.355281006649621389e+01
9.775782704309662563e+00
-5.329838857343482772e+01
1.041016626777341259e+01
-5.487522730607792454e+01
1.293759212978282136e+01
-5.831566352671797659e+01
1.720909595918792689e+01
-6.329475000581279431e+01
2.273494372721966528e+01
-6.917464691271490551e+01
2.875079152108827429e+01
-7.509031169809921380e+01
3.432006102742805354e+01
-8.006520240609489747e+01
3.845920839805359037e+01
-8.314206609728725539e+01
4.026983142157385487e+01
-8.351214209705774749e+01
3.906085710956344315e+01
-8.062646160731922862e+01
3.444544065011433531e+01
-7.427530114891953872e+01
2.640048920644065333e+01
-6.462592807951415352e+01
1.528147046261200614e+01
-5.221403595825466937e+01
1.790770826802479121e+00
-3.789004065273284994e+01
-1.309637201701816522e+01
-2.272697464366989806e+01
-2.823913689370807845e+01
-7.901391514376729930e+00
-4.245835618797462985e+01
5.438091331534280926e+00
-5.466816021985919605e+01
1.629860519186735957e+01
-6.399607795245507447e+01
2.395179765320470011e+01
-6.987721965749790343e+01
2.801064667422301113e+01
-7.211149031736010784e+01
2.846545847895690429e+01
-7.087742051159445111e+01
2.567526837706168408e+01
-6.670156607050745379e+01
2.031634206639274964e+01
-6.038784886814198671e+01
1.329467039897245684e+01
-5.291602076080897632e+01
5.633627432486314035e+00
-4.532204733881714276e+01
-1.649193785210428587e+00
-3.857519965880590718e+01
-7.660870777721601854e+00
-3.346678840013120748e+01
-1.173345732349075377e+01
-3.052378457215327501e+01
-1.349392968772000145e+01
-2.995727909635985853e+01
-1.289593953617652389e+01
-3.165126974503532509e+01
-1.021038248615852240e+01
-3.519219608578705305e+01
-5.976924183030323690e+00
-3.993460585474369395e+01
-9.234106464764835209e-01
-4.509395135739156757e+01
4.136059694868926329e+00
-4.985431444375188192e+01
8.411170726019911115e+00
-5.347722167664924342e+01
1.123952409372255801e+01
-5.539781723122829504e+01
1.217184593120395419e+01
-5.529647140484049572e+01
1.102781677805014482e+01
-5.313716858318536396e+01
7.915919913694281718e+00
-4.916831454420371017e+01
3.215314190749545276e+00
-4.388638185493027777e+01
-2.477466762400574396e+00
-3.796747421691554081e+01
-8.429804076078301733e+00
-3.217585887580928272e+01
-1.387165531105337735e+01
-2.726130718258743002e+01
-1.809890487429042238e+01
-2.385836578692440924e+01
-2.056825704827280532e+01
-2.240031464567696062e+01
-2.097170422490182773e+01
-2.305861882933155016e+01
-1.928125681872080932e+01
-2.571540994049911433e+01
-1.575840364129139637e+01
-2.997236098551249128e+01
-1.092720028039431668e+01
-3.519477304200309220e+01
-5.514402440812641970e+00
-4.058533983660895217e+01
-3.641112739134442222e-01
-4.527843311687851724e+01
3.662516449497005055e+00
-4.844329635349527763e+01
5.790188396640672863e+00
-4.938353589233913965e+01
5.422503814507301456e+00
-4.762086268220356544e+01
2.213888448428093625e+00
-4.295307542404838586e+01
-3.888078378238333244e+00
-3.547951804178700286e+01
-1.263476417173552235e+01
-2.559127634320322997e+01
-2.350359044115089802e+01
-1.392769426500668395e+01
-3.575646993647494298e+01
-1.304854593246851380e+00
-4.852214930154468675e+01
1.137501390141653701e+01
-6.089224649118158084e+01
2.322206891758877134e+01
-7.201927737039925148e+01
3.345341650462013661e+01
-8.120492745485829289e+01
4.147248725963643778e+01
-8.796822626804242873e+01
4.692407083072959040e+01
-9.208592943403155573e+01
4.971900198122821735e+01
-9.360096256153778427e+01
5.002632639345057441e+01
-9.279878008086075170e+01
4.823481162224643981e+01
-9.015544122125692184e+01
4.488940675905612920e+01
-8.626461739126676775e+01
4.061123618891917886e+01
-8.175320681179765359e+01
3.601158111000931683e+01
-7.719645325265443603e+01
3.161084283789877247e+01
-7.304331360107963178e+01
2.777264725715001248e+01
-6.956133301617150266e+01
2.466116387826104983e+01
-6.680767040665622858e+01
2.222665275748109082e+01
-6.462951181849888371e+01
2.022061180122287283e+01
-6.269334899600893607e+01
1.823813600223219566e+01
-6.053895690568658949e+01
1.578168787163066611e+01
-5.765082860192030978e+01
1.233783420719893797e+01
-5.353769326152401220e+01
7.456947094001371568e+00
-4.780980657432738923e+01
8.255765656623239579e-01
-4.024406354177241241e+01
-7.677800715913654983e+00
-3.082858165847846266e+01
-1.795080715458134790e+01
-1.978102456001799681e+01
-2.966310064799917967e+01
-7.538245523849013807e+00
-4.228085882917893912e+01
5.281591112710223967e+00
-5.511690248429793115e+01
1.793985042428521837e+01
-6.740039643274528203e+01
2.965386206161714711e+01
-7.835769081837085537e+01
3.967971083197164717e+01
-8.729455238398203676e+01
4.739142639296055393e+01
-9.366993342514182075e+01
5.234712854014959760e+01
-9.715253390413174372e+01
5.433434925947214822e+01
-9.765357859814780284e+01
5.338935034372009625e+01
-9.533217656484127644e+01
4.978845480266205925e+01
-9.057298261847476795e+01
4.401281056902446664e+01
-8.393922272602699763e+01
3.669118575792782622e+01
-7.610706686978801372e+01
2.852796833734251436e+01
-6.778948101558101769e+01
2.022520198401714708e+01
-5.965881157966254023e+01
1.240804356886256699e+01
-5.227732838332737231e+01
5.562424458235099678e+00
-4.604379609308924159e+01
-7.970724584957622483e-03
-4.116201894514560422e+01
-4.200806353264958659e+00
-3.763448579630637880e+01
-7.108710703599101066e+00
-3.528109029296128085e+01
-8.989007159603065844e+00
-3.377980838426083210e+01
-1.021408248465104407e+01
-3.272356356706690406e+01
-1.120921859994836822e+01
-3.168562019703214716e+01
-1.238613278721283706e+01
-3.028493910820785473e+01
-1.408084045758037206e+01
-2.824310492089055913e+01
-1.650374474112216561e+01
-2.542565277916273203e+01
-1.970817231854514517e+01
-2.186271722596108447e+01
-2.358113861675146694e+01
-1.774662455702541308e+01
-2.785725119720129683e+01
-1.340700834978918543e+01
-3.215371135839644978e+01
-9.266874453146098034e+00
-3.602171844473024720e+01
-5.785423922842717559e+00
-3.900754564519450440e+01
-3.395069791680597859e+00
-4.071538558567200994e+01
-2.440763129189235769e+00
-4.086389375147558667e+01
-3.129402494847077776e+00
-3.932919702496401015e+01
-5.495792980632700164e+00
-3.616886747357955301e+01
-9.389519980909859953e+00
-3.162376287146965481e+01
-1.448447809100476746e+01
-2.609740016044172961e+01
-2.030997808115645142e+01
-2.011530987093969003e+01
-2.629969544279598281e+01
-1.426927424524195054e+01
-3.185254946628693062e+01
-9.153179914685328100e+00
-3.639817514510207985e+01
-5.298199050083777450e+00
-3.945913879384373502e+01
-3.115039484240980983e+00
-4.070250446931773070e+01
-2.850082392022862621e+00
-3.997471444687046471e+01
-4.560480501449390545e+00
-3.731582540871489329e+01
-8.110945260754828467e+00
-3.295167820846840812e+01
-1.319230348497990946e+01
-2.726525574519398987e+01
-1.935928182862322444e+01
-2.075097017744807815e+01
-2.608270243605181093e+01
-1.395761488815266560e+01
-3.280961964284051646e+01
-7.426980528784028479e+00
-3.902408962512434698e+01
-1.635523648859958712e+00
-4.430133323470298023e+01
3.054043840940614984e+00
-4.834900478102176180e+01
6.425727936970361043e+00
-5.103098544550067572e+01
8.424276239523884158e+00
-5.237135755587779329e+01
9.149139136822377338e+00
-5.253870101004246607e+01
8.829748049440887314e+00
-5.181327521625365762e+01
7.785766843716011465e+00
-5.054171088620754659e+01
6.377755159913441219e+00
-4.908528674526979785e+01
4.954758398864335334e+00
-4.776853669186520790e+01
3.805586195537138394e+00
-4.683475217786512701e+01
3.119941539374970318e+00
-4.641394800278533239e+01
2.964203513021004710e+00
-4.650718332779921838e+01
3.274728054123038135e+00
-4.698899183134700053e+01
3.869262624575966925e+00
-4.762734807184439489e+01
4.474759108703686650e+00
-4.811837350458998941e+01
4.767803007155912098e+00
-4.813114072803097798e+01
4.422310143336098065e+00
-4.735669326465544771e+01
3.158263455957637689e+00
-4.555490760224367364e+01
7.851730487927923718e-01
-4.259313644135956878e+01
-2.765355633220494269e+00
-3.847163901868495373e+01
-7.422164030729057060e+00
-3.333248499064738724e+01
-1.297450126631187217e+01
-2.745069734585188925e+01
-1.908953010290833063e+01
-2.120861514971403139e+01
-2.534532503668764392e+01
-1.505653288556982261e+01
-3.127540148367831208e+01
-9.464354573091757317e+00
-3.641941141784333524e+01
-4.870084385966652718e+00
-4.037390933433098894e+01
-1.631334106868500555e+00
-4.283711573106152315e+01
1.437460331096929167e-02
-4.364237200692553387e+01
-2.415975644101564512e-02
-4.277638784469120736e+01
-1.682065320453602908e+00
-4.038024926086577437e+01
-4.746118308981813527e+00
-3.673324773140201671e+01
-8.878829206830122445e+00
-3.222164867202532434e+01
-1.365583918662389351e+01
-2.729628930513987228e+01
-1.861202703080659049e+01
-2.242416844850771085e+01
-2.329076451861848085e+01
-1.803981529193444544e+01
-2.729048830550814841e+01
-1.450213390523811618e+01
-3.030320132408039058e+01
-1.206163712881288319e+01
-3.214061091239715040e+01
-1.084161472666878367e+01
-3.274520946055471882e+01
-1.083500390461408358e+01
-3.218550155503516663e+01
-1.191677084215110582e+01
-3.063654070177442534e+01
-1.386971427163889814e+01
-2.834871608774222906e+01
-1.641999955332797612e+01
-2.560910895080777294e+01
-1.927761738713144268e+01
-2.270055489607243260e+01
-2.217646524966728094e+01
-1.986371087258700285e+01
-2.490892336524244044e+01
-1.726692383152046517e+01
-2.735060833727244045e+01
-1.498760507063718350e+01
-2.947232572828445640e+01
-1.300727494165522913e+01
-3.133793338920297700e+01
-1.122065527442327237e+01
-3.308865443602279299e+01
-9.457377896136527795e+00
-3.491611269367479053e+01
-7.513272945533209679e+00
-3.702778908764203436e+01
-5.186997867846315557e+00
-3.960954087998786122e+01
-2.317112136330131023e+00
-4.279017494449663417e+01
1.185330784050613318e+00
-4.661278476029234952e+01
5.313016753218974486e+00
-5.101669048906755677e+01
9.950646287896546482e+00
-5.583247693904485232e+01
1.487694864805197881e+01
-6.079097736900325799e+01
1.978040996593493617e+01
-6.554530931449477293e+01
2.428698321932925808e+01
-6.970344862321410062e+01
2.799656550100053209e+01
-7.286752874843543282e+01
3.052395169530879571e+01
-7.467523119967390244e+01
3.153943195006669953e+01
-7.483838613771982295e+01
3.080425433957256587e+01
-7.317425372547836560e+01
2.819681080273829821e+01
-6.962585724595601278e+01
2.372653912656457464e+01
-6.426907145022126144e+01
1.753402152330552610e+01
-5.730576569685761967e+01
9.877414702850074946e+00
-4.904396251684448771e+01
1.106962731544101075e+00
-3.986749427082249042e+01
-8.369274754427706853e+00
-3.019883939111427651e+01
-1.812436577264639936e+01
-2.045955345201821984e+01
-2.775154140169544448e+01
-1.103289631163339379e+01
-3.689884170813606801e+01
-2.232880698290927057e+00
-4.529553074796275780e+01
5.716914897403391649e+00
-5.276753456660940600e+01
1.269269854739837200e+01
-5.924056443190917065e+01
1.866741117203830669e+01
-6.473113016505303108e+01
2.369623308071142276e+01
-6.932713294127297843e+01
2.789300258977216629e+01
-7.316097099633365985e+01
3.140096340459722057e+01
-7.637894550036467933e+01
3.436187524847173336e+01
-7.911111821377447484e+01
3.688762379011242842e+01
-8.144561029698948573e+01
3.903804711769363678e+01
-8.341067152021248887e+01
4.080781726031176504e+01
-8.496678114978452356e+01
4.212399319767808947e+01
-8.600970535985982224e+01
4.285445403482842153e+01
-8.638400189426158704e+01
4.282600603442352849e+01
-8.590511144822443157e+01
4.184971196402331373e+01
-8.438707470803205979e+01
3.975006927426646541e+01
-8.167219869278584099e+01
3.639417636834389214e+01
-7.765875092451958039e+01
3.171702965110077344e+01
-7.232301049714888563e+01
2.573958253172200727e+01
-6.573271495432589973e+01
1.857710532497567613e+01
-5.805001809857422757e+01
1.043659504940781346e+01
-4.952337916698657239e+01
1.603343346419215720e+00
-4.046917414607131036e+01
-7.581890695183076900e+00
-3.124508512623788548e+01
-1.675250346404104818e+01
-2.221832820782069007e+01
-2.554904005030055814e+01
-1.373240324362129350e+01
-3.365173122090697433e+01
-6.076216807152245991e+00
-4.080881648131503425e+01
5.408726967048167467e-01
-4.685742097536441975e+01
6.005269698079239049e+00
-5.173466642721415809e+01
1.030486260202233240e+01
-5.547787959051031947e+01
1.352376253226069736e+01
-5.821406769008743964e+01
1.582687780454786974e+01
-6.014009793876929422e+01
1.743633157650669574e+01
-6.149609308483100989e+01
1.860265818268451454e+01
-6.253530861353200265e+01
1.957427097209464506e+01
-6.349410248053957417e+01
2.056881867021990473e+01
-6.456550934761972371e+01
2.174973016885279264e+01
-6.587940761338845164e+01
2.321053539456872272e+01
-6.749139042759053098e+01
2.496853662743833979e+01
-6.938133511501669659e+01
2.696822006789844295e+01
-7.146145055948338154e+01
2.909359042091605829e+01
-7.359242053249148796e+01
3.118753107392308266e+01
-7.560529519985888669e+01
3.307547036805408425e+01
-7.732612916158203120e+01
3.459016784186873394e+01
-7.860009805925047033e+01
3.559437497851621401e+01
-7.931197354020527257e+01
3.599847347512603335e+01
-7.940037296975646086e+01
3.577090034049116696e+01
-7.886405262974525954e+01
3.494013948880092357e+01
-7.775956997179335417e+01
3.358816875337031149e+01
-7.619076671482757490e+01
3.183635868717838946e+01
-7.429157833323139926e+01
2.982578659403895927e+01
-7.220452583145372216e+01
2.769463667178972344e+01
-7.005778870010325932e+01
2.555571949657839070e+01
-6.794392920555164039e+01
2.347711986486937974e+01
-6.590312027704187869e+01
2.146857831387674764e+01
-6.391315340206935502e+01
1.947548260265716635e+01
-6.188764438595619310e+01
1.738138495827926988e+01
-5.968282306029887252e+01
1.501889052069660124e+01
-5.711221777332127658e+01
1.218771596441698080e+01
-5.396756042869870384e+01
8.677824098449868018e+00
-5.004346400745277634e+01
4.294909332424303727e+00
-4.516295550392636926e+01
-1.114784362975079546e+00
-3.920083796920210517e+01
-7.643254080320922128e+00
-3.210211586175081777e+01
-1.530564354283288608e+01
-2.389331248740416669e+01
-2.403303476632893521e+01
-1.468536064791620532e+01
-3.367395447808427633e+01
-4.667750653035838582e+00
-4.400439167388245210e+01
5.905350623096204288e+00
-5.474512762381179698e+01
1.673536576722126767e+01
-6.558434252326182445e+01
2.750359513920942334e+01
-7.620288352706857893e+01
3.789674147253484193e+01
-8.629932377872277982e+01
4.763080423055261292e+01
-9.561203714872787884e+01
5.647074351020653182e+01
-1.039359412396948272e+02
6.424388799604658118e+01
-1.111322636976972973e+02
7.084586879573602403e+01
-1.171305730277224342e+02
7.623879772518345987e+01
-1.219232728313834428e+02
8.044235728492627402e+01
-1.255536685098451386e+02
8.351931310434260070e+01
-1.280994666785194909e+02
8.555759584223747538e+01
-1.296540698917943359e+02
8.665145351026538378e+01
-1.303082251183178357e+02
8.688420815946872722e+01
-1.301344549424226500e+02
8.631486449281101159e+01
-1.291762675803475986e+02
8.497025349983692877e+01
-1.274434647092009527e+02
8.284362685809568916e+01
-1.249140335386712195e+02
7.989974696582945057e+01
-1.215422282812763513e+02
7.608565387035318395e+01
-1.172716275724319530e+02
7.134554245454026500e+01
-1.120513005016078694e+02
6.563764358175535563e+01
-1.058528049743210318e+02
5.895073693177096175e+01
-9.868562681536550940e+01
5.131796152728304605e+01
-9.060885792348142331e+01
4.282592477124273955e+01
-8.173738031454118413e+01
3.361769770068329422e+01
-7.224150914308651750e+01
2.388904777479544350e+01
-6.233986446024107408e+01
1.387810440236141574e+01
-5.228608600473849322e+01
3.849471161427544530e+00
-4.235077279649893711e+01
-5.925508901122775285e+00
-3.280062540097453905e+01
-1.519014690419816915e+01
-2.387712131862846121e+01
-2.372305956519104342e+01
-1.577712166049263232e+01
-3.135575648581022534e+01
-8.637584284676094626e+00
-3.798520056799550559e+01
-2.526074865445863793e+00
-4.357997148078070637e+01
2.561915398097255547e+00
-4.817941347872770308e+01
6.698633224299015865e+00
-5.188596575189976079e+01
1.001330767995014526e+01
-5.485165580201190494e+01
1.267630422238508459e+01
-5.726038961639616787e+01
1.488007525262527508e+01
-5.930811928748478579e+01
1.681911672549441050e+01
-6.118315825372492611e+01
1.867119208180213263e+01
-6.304882786794746607e+01
2.058186401641518160e+01
-6.503027201246464983e+01
2.265391327591186155e+01
-6.720671618523134327e+01
2.494258272333691195e+01
-6.960974653377040511e+01
2.745684633188500356e+01
-7.222743146625091981e+01
3.016615925976832102e+01
-7.501339740704392511e+01
3.301148844405948068e+01
-7.789938792899692999e+01
3.591893273210865800e+01
-8.080945148705620795e+01
3.881397501816368845e+01
-8.367376116876810954e+01
4.163439508689525326e+01
-8.644018339435523046e+01
4.434010792260032474e+01
-8.908206254269244084e+01
4.691864418292378502e+01
-9.160122710587565109e+01
4.938559703640937926e+01
-9.402587949595341854e+01
5.178004383156594770e+01
-9.640372164964874457e+01
5.415562483054519305e+01
-9.879130472545510600e+01
5.656853973387084977e+01
-1.012410939456680268e+02
5.906413416389746374e+01
-1.037880471463518717e+02
6.166394259893438345e+01
-1.064375811043197331e+02
6.435500907687621464e+01
-1.091566358070419511e+02
6.708303002928671788e+01
-1.118691660165421382e+02
6.975039134985841827e+01
-1.144568410046028788e+02
7.221956464630842731e+01
-1.167650867841867495e+02
7.432166209854527494e+01
-1.186139415780208282e+02
7.586930845068569340e+01
-1.198125969946752178e+02
7.667245152813502784e+01
-1.201760378817072734e+02
7.655536480310128411e+01
-1.195419286700273034e+02
7.537294090971191451e+01
-1.177858542767482533e+02
7.302445088958025110e+01
-1.148332122940766311e+02
6.946323906730982856e+01
-1.106664451784661907e+02
6.470129976598296651e+01
-1.053268467179490102e+02
5.880827976601803186e+01
-9.891080824016704298e+01
5.190509553833813072e+01
-9.156100924170779365e+01
4.415296804919007911e+01
-8.345362682183545644e+01
3.573918645227186630e+01
-7.478307052287522083e+01
2.686125526840739042e+01
-6.574599374495754489e+01
1.771121883502885908e+01
-5.652636335442662130e+01
8.461878582737000443e+00
-4.728318562172944439e+01
-7.436633924078321911e-01
-3.814211559090053782e+01
-9.798148627671221078e+00
-2.919166736734833378e+01
-1.863156380134062573e+01
-2.048415978564235473e+01
-2.720796124768409285e+01
-1.204094857873088387e+01
-3.551841638401311485e+01
-3.860984401338466654e+00
-4.357129181881239788e+01
4.068642335889045114e+00
-5.138127168861937122e+01
1.176170963113551693e+01
-5.895873212140593012e+01
1.922296652542549111e+01
-6.630091560707842291e+01
2.644067782902362751e+01
-7.338609450584597482e+01
3.338259707474722404e+01
-8.017148067846716231e+01
3.999587302331543981e+01
-8.659512059432415754e+01
4.621085739129665626e+01
-9.258147490226522791e+01
5.194825565906620568e+01
-9.804988688852671430e+01
5.712861510742860105e+01
-1.029247574073899330e+02
6.168283027326432943e+01
-1.071460124332451471e+02
6.556220406579316773e+01
-1.106784010215050671e+02
6.874664915457449865e+01
-1.135183007119394460e+02
7.124984157551540420e+01
-1.156970153057269215e+02
7.312051694594808282e+01
-1.172799867455898379e+02
7.443958086665659835e+01
-1.183618531225357344e+02
7.531322835830729900e+01
-1.190578046102114911e+02
7.586276720142114982e+01
-1.194921538263377272e+02
7.621225501887988685e+01
-1.197853895754124096e+02
7.647533911159209197e+01
-1.200411803879380273e+02
7.674279795668783777e+01
-1.203348134970829619e+02
7.707221156326318123e+01
-1.207043948006777043e+02
7.748094468116516964e+01
-1.211458168697074029e+02
7.794324320503383774e+01
-1.216120653188258416e+02
7.839176791012758372e+01
-1.220169329622793555e+02
7.872337953227454932e+01
-1.222427074602186110e+02
7.880850722094226057e+01
-1.221509524671900522e+02
7.850303633174559081e+01
-1.215951675767239237e+02
7.766138787849214964e+01
-1.204339272402544054e+02
7.614936036530821184e+01
-1.185430831181934650e+02
7.385537455907149251e+01
-1.158257667623291240e+02
7.069899131860771035e+01
-1.122192283682848881e+02
6.663593080720528405e+01
-1.076979532473281154e+02
6.165926197720875734e+01
-1.022729588747392029e+02
5.579689854461105369e+01
-9.598763423157370767e+01
4.910597387018412974e+01
-8.891088334484066991e+01
4.166501923279400899e+01
-8.112862838392459253e+01
3.356509625638105376e+01
-7.273488039241013325e+01
2.490110940402495032e+01
-6.382358178075567423e+01
1.576444236095618123e+01
-5.448226788880705840e+01
6.237836328367698968e+00
-4.478830802551843249e+01
-3.606910008066137152e+00
-3.480810805983674072e+01
-1.370824501046729438e+01
-2.459923634967253392e+01
-2.401142032840192542e+01
-1.421502654863547477e+01
-3.446292846973167912e+01
-3.710866381542363257e+00
-4.500374696335913427e+01
6.848856107201278576e+00
-5.556248655783360135e+01
1.738427887726572152e+01
-6.604956885039541703e+01
2.779514855842737120e+01
-7.635343996620336782e+01
3.795835596235744447e+01
-8.633957729771447021e+01
4.772851707726570680e+01
-9.585269795026462702e+01
5.694181044030079875e+01
-1.047221745370156327e+02
6.542287024598292078e+01
-1.127702568452761227e+02
7.299414460589414944e+01
-1.198223372926725006e+02
7.948680830458039281e+01
-1.257182284475777294e+02
8.475210845384711433e+01
-1.303232750558468069e+02
8.867194509500316713e+01
-1.335381183296061067e+02
9.116755572293820364e+01
-1.353060665365007651e+02
9.220537396385992679e+01
-1.356172857685778581e+02
9.179944290246805849e+01
-1.345093758046394044e+02
9.001014449432375386e+01
-1.320642950989387714e+02
8.693941159159086851e+01
-1.284019976782077208e+02
8.272296947736595030e+01
-1.236714953289488506e+02
7.752046424115496848e+01
-1.180403196509851114e+02
7.150453979054077536e+01
-1.116835005932105958e+02
6.485000118373699252e+01
-1.047731861769005945e+02
5.772414271847779332e+01
-9.746990405177029970e+01
5.027913484347104145e+01
-8.991622719072472592e+01
4.264707960151994826e+01
-8.223328494682114354e+01
3.493799685846963143e+01
-7.452019794977616129e+01
2.724063697974244747e+01
-6.685615633559059745e+01
1.962567534853350537e+01
-5.930454966729085697e+01
1.215057152687866449e+01
-5.191833096517518698e+01
4.865203139298742485e+00
-4.474568259724619423e+01
-2.182669093443251995e+00
-3.783506015179692383e+01
-8.942979295101419979e+00
-3.123881806882518930e+01
-1.536067031428190433e+01
-2.501484912457915399e+01
-2.137516881092491161e+01
-1.922596796448588208e+01
-2.692212818804208752e+01
-1.393709759022693184e+01
-3.193721791133541643e+01
-9.210634582420254901e+00
-3.636144227253928563e+01
-5.100633508051053866e+00
-4.014724620735753291e+01
-1.646630085450524916e+00
-4.326453856151749022e+01
1.132005925137008262e+00
-4.570574975162001863e+01
3.240341919941734261e+00
-4.748914221320680440e+01
4.710086306590326899e+00
-4.865979507105875967e+01
5.599278397429230836e+00
-4.928796324041671539e+01
5.989321607802764902e+00
-4.946483055863737377e+01
5.979542068009749300e+00
-4.929599665829685762e+01
5.679760139567591182e+00
-4.889331844134311211e+01
5.201610535374832978e+00
-4.836593463394650882e+01
4.649507414115888082e+00
-4.781141075405773222e+01
4.112204612032833495e+00
-4.730793902648852622e+01
3.655842018374180213e+00
-4.690841424260175074e+01
3.319204823266218796e+00
-4.663699672608248648e+01
3.111673542004758986e+00
-4.648849348633716971e+01
3.014040023194937135e+00
-4.643057261579763662e+01
2.982044942781037378e+00
-4.640851229386228027e+01
2.952194045751689089e+00
-4.635191187378924838e+01
2.849168949495144432e+00
-4.618259055916621492e+01
2.593991600440965328e+00
-4.582279201689908632e+01
2.112046645527684063e+00
-4.520281191679639221e+01
1.340117568509164414e+00
-4.426726776299417310e+01
2.317419054714733306e-01
-4.297942181883135504e+01
-1.239582109028695811e+00
-4.132322314712987321e+01
-3.079529926747291313e+00
-3.930302119007086503e+01
-5.274329964826648620e+00
-3.694118510445323977e+01
-7.794025354488795188e+00
-3.427410572877413131e+01
-1.059704400912941935e+01
-3.134723158032981871e+01
-1.363537057902860283e+01
-2.820987666549649475e+01
-1.685957555472126757e+01
-2.491052746877156920e+01
-2.022301501917598543e+01
-2.149327283097947827e+01
-2.368465979939791666e+01
-1.799579868771409963e+01
-2.721022477601900391e+01
-1.444915449571135113e+01
-3.077151957810740157e+01
-1.087924061589301417e+01
-3.434419813760800366e+01
-7.309719291570161204e+00
-3.790431364863174224e+01
-3.765847673522891625e+00
-4.142425829301104301e+01
-2.785953573736605904e-01
-4.486876199303983270e+01
3.111641995674304439e+00
-4.819162983743910900e+01
6.352381200507110748e+00
-5.133381346100298259e+01
9.377964738233082187e+00
-5.422324859328622892e+01
1.211037595571308145e+01
-5.677667004490857039e+01
1.446204390413059571e+01
-5.890336448767781974e+01
1.634047127574028480e+01
-6.051057195851682025e+01
1.765428204646156018e+01
-6.151003014738630270e+01
1.832009530786302776e+01
-6.182499805891373512e+01
1.826951181710889216e+01
-6.139701688633033427e+01
1.745546465088688137e+01
-6.019167543695989764e+01
1.585723914205283336e+01
-5.820274382118851975e+01
1.348360321596108236e+01
-5.545421040343460106e+01
1.037369058634627095e+01
-5.199998222336186160e+01
6.595521466759215912e+00
-4.792126091484905004e+01
2.242299276521841023e+00
-4.332185434074479957e+01
-2.573143031170033623e+00
-3.832189931216988299e+01
-7.725184540710106518e+00
-3.305062786155582444e+01
-1.308286244728772729e+01
-2.763889098785887199e+01
-1.851719930749436216e+01
-2.221215143311171403e+01
-2.390773224948776132e+01
-1.688457301548699263e+01
-2.914768585337566975e+01
-1.175468035783968190e+01
-3.414741175625829328e+01
-6.902859755476541181e+00
-3.883593635812832190e+01
-2.390745297381201340e+00
-4.316068583905898493e+01
1.737687606126804951e+00
-4.708566697610704921e+01
5.453689396971064696e+00
-5.058854780917540950e+01
8.740468365689459063e+00
-5.365718480977637483e+01
1.158965801547352470e+01
-5.628617184659216122e+01
1.399808080075117545e+01
-5.847393934322740705e+01
1.596528698898799092e+01
-6.022081750623517138e+01
1.749220470955894058e+01
-6.152831160815220102e+01
1.858105381200036987e+01
-6.239964248783532952e+01
1.923647643151900155e+01
-6.284140739642355555e+01
1.946764730999601767e+01
-6.286604083326708547e+01
1.929097148253715233e+01
-6.249462463484230312e+01
1.873287579673490910e+01
-6.175952789350221650e+01
1.783216666754184843e+01
-6.070635889365258464e+01
1.664146366649955411e+01
-5.939478281079647815e+01
1.522732214933771644e+01
-5.789789124347263538e+01
1.366881494708190559e+01
-5.629998597967384200e+01
1.205453339068498764e+01
-5.469283754000584707e+01
1.047816773026398351e+01
-5.317067419051367949e+01
9.033011386942696674e+00
-5.182432495044999143e+01
7.805879518102955217e+00
-5.073505980861123987e+01
6.871021986374969970e+00
-4.996872711173303117e+01
6.284632948134877495e+00
-4.957077490885016147e+01
6.080511194009183384e+00
-4.956266151046694546e+01
6.267312913023999954e+00
-4.994002056802901990e+01
6.827675352026879807e+00
-5.067276448033675962e+01
7.719295535784510776e+00
-5.170710865973849479e+01
8.877845993617626164e+00
-5.296930204239124862e+01
1.022142317324772876e+01
-5.437067929103098152e+01
1.165607553191198065e+01
-5.581352691288188339e+01
1.308186394103850603e+01
-5.719719254151767984e+01
1.439887697275473499e+01
-5.842386996950577327e+01
1.551265985719871310e+01
-5.940356010113414698e+01
1.633861237598709693e+01
-6.005783002972496831e+01
1.680505446593677732e+01
-6.032215273455132376e+01
1.685483021693200101e+01
-6.014678794444319010e+01
1.644549954997673069e+01
-5.949633832973987069e+01
1.554833015285355202e+01
-5.834826320748831563e+01
1.414643060800217711e+01
-5.669073688892372331e+01
1.223244421511017777e+01
-5.452028890924748339e+01
9.806243490122071194e+00
-5.183965399882356451e+01
6.873026824249265587e+00
-4.865619369751826184e+01
3.442127874303267276e+00
-4.498113893231185045e+01
-4.732820401148387646e-01
-4.082975935130682643e+01
-4.855570146937289167e+00
-3.622241005581906848e+01
-9.681221898203318688e+00
-3.118626010513350622e+01
-1.491888344887039963e+01
-2.575738888631235568e+01
-2.052722449957592943e+01
-1.998286146988704104e+01
-2.645302834980174467e+01
-1.392237207018215983e+01
-3.262991000360148064e+01
-7.649078564476717190e+00
-3.897800257801996793e+01
-1.249336458425055696e+00
-4.540484468707715848e+01
5.178833002244630279e+00
-5.180756041417929225e+01
1.152855450515254887e+01
-5.807626657537800696e+01
1.768804654039440294e+01
-6.409848878365571068e+01
2.354541781039512216e+01
-6.976423738851076450e+01
2.899391179386158512e+01
-7.497130285546853656e+01
3.393713163399168309e+01
-7.963028887437388903e+01
3.829376370825511344e+01
-8.366891557179353356e+01
4.200135980241408618e+01
-8.703519299196715053e+01
4.501882976843991457e+01
-8.969917835157063735e+01
4.732742784256616631e+01
-9.165317586418341023e+01
4.893017072729166728e+01
-9.291039786694217639e+01
4.984978572570908284e+01
-9.350226168109857383e+01
5.012543386850761351e+01
-9.347462998361861253e+01
4.980856919067802835e+01
-9.288339828898914163e+01
4.895836812114067982e+01
-9.178988102709864449e+01
4.763718479242966453e+01
-9.025644318819600187e+01
4.590645769271294796e+01
-8.834276952485431877e+01
4.382341551452806527e+01
-8.610306582989527158e+01
4.143881595258234540e+01
-8.358435981016801009e+01
3.879581539195902451e+01
-8.082592878014582993e+01
3.592992705725458791e+01
-7.785974529579375769e+01
3.286989752294716993e+01
-7.471171647530125881e+01
2.963923182768617437e+01
-7.140341169243036745e+01
2.625803723935784717e+01
-6.795393557824822039e+01
2.274484126216677282e+01
-6.438161220849929123e+01
1.911807117120704902e+01
-6.070519943354820214e+01
1.539695479084745955e+01
-5.694444146064884649e+01
1.160170496378763971e+01
-5.311988054926381153e+01
7.752969085538296667e+00
-4.925196977591192393e+01
3.870644288630906260e+00
-4.535964218839533402e+01
-2.773736605882959338e-02
-4.145858243283502986e+01
-3.928774552558458311e+00
-3.755950329714937652e+01
-7.824797964955678253e+00
-3.366674426116243524e+01
-1.171499926907054956e+01
-2.977748016404329690e+01
-1.560582953663621808e+01
-2.588175911837812038e+01
-1.951049497382011566e+01
-2.196348851919542966e+01
-2.344748914643883708e+01
-1.800236902482092916e+01
-2.743822368861361838e+01
-1.397665366649402507e+01
-3.150393826336449621e+01
-9.866498152967579927e+00
-3.566217043978952006e+01
-5.657582885290430852e+00
-3.992313465284455276e+01
-1.344637916854523496e+00
-4.428638789263589359e+01
3.065504656862607646e+00
-4.873814453578738437e+01
7.551669582224256771e+00
-5.324954540768192146e+01
1.207717118171721893e+01
-5.777609349795594085e+01
1.658987605287903477e+01
-6.225835166630119488e+01
2.102352762241535800e+01
-6.662386997847009695e+01
2.530023702909805650e+01
-7.079018691066806923e+01
2.933392900931183078e+01
-7.466864378702939575e+01
3.303444048444856662e+01
-7.816867727586257786e+01
3.631191346326224334e+01
-8.120221857432882473e+01
3.908110838865917458e+01
-8.368783333058486562e+01
4.126528993891133723e+01
-8.555428163290072519e+01
4.279940033103589769e+01
-8.674325602947855884e+01
4.363232679624580612e+01
-8.721115717477964324e+01
4.372817829245663290e+01
-8.692987844739640479e+01
4.306659815050259965e+01
-8.588667897523920658e+01
4.164224063912912754e+01
-8.408331598349025171e+01
3.946361844198794699e+01
-8.153467168453761360e+01
3.655157590200542472e+01
-7.826714015374358269e+01
3.293765485369588930e+01
-7.431703330979432565e+01
2.866259580114198968e+01
-6.972922443168123152e+01
2.377516152987912790e+01
-6.455617909177192359e+01
1.833139129163350844e+01
-5.885743684998269032e+01
1.239430261313952997e+01
-5.269951455110698646e+01
6.033967025949372953e+00
-4.615611615491602748e+01
-6.721921472961724930e-01
-3.930846624874924800e+01
-7.639086933918349587e+00
-3.224554380033453782e+01
-1.477386844191306992e+01
-2.506398479296889548e+01
-2.197626969181708745e+01
-1.786744836813039683e+01
-2.913956802773258303e+01
-1.076529787032633934e+01
-3.615227785980503938e+01
-3.870528686838540011e+00
-4.290059575982132856e+01
2.703031068514881952e+00
-4.927152332133517376e+01
8.844124968673064302e+00
-5.515650082820976507e+01
1.444786992727447483e+01
-6.045530827339462832e+01
1.941968247000914261e+01
-6.507993931656514519e+01
2.367902151072929939e+01
-6.895813491638438109e+01
2.716263797246818967e+01
-7.203627927074862214e+01
2.982705453614387636e+01
-7.428140977550252444e+01
3.165006261592456838e+01
-7.568216942186168694e+01
3.263111103997698592e+01
-7.624862557229064919e+01
3.279056180204693760e+01
-7.601098238311612931e+01
3.216789104719069314e+01
-7.501731347452756893e+01
3.081900649909724166e+01
-7.333052559222012690e+01
2.881292546126701382e+01
-7.102482374191565384e+01
2.622810252026866351e+01
-6.818197744099559543e+01
2.314870879410253224e+01
-6.488768388864431813e+01
1.966114456875722283e+01
-6.122828857040485673e+01
1.585101791328192178e+01
-5.728806233166906736e+01
1.180075023986653093e+01
-5.314715454410155360e+01
7.587885143795894294e+00
-4.888025483095002244e+01
3.284089901218010255e+00
-4.455591174014816858e+01
-1.045239644070846907e+00
-4.023638588114622650e+01
-5.340921106628663040e+00
-3.597786556713627704e+01
-9.549661390432415686e+00
-3.183085020413244948e+01
-1.362366177756464936e+01
-2.784051232465883885e+01
-1.752032832711728361e+01
-2.404688140055861112e+01
-2.120221988347394415e+01
-2.048474616117695390e+01
-2.463730453952714328e+01
-1.718323924149688509e+01
-2.779952504069398245e+01
-1.416513914015652809e+01
-3.066960413718521750e+01
-1.144598986279110875e+01
-3.323596183451811470e+01
-9.033189314760036837e+00
-3.549557592540673312e+01
-6.925226537643538904e+00
-3.745460072005332819e+01
-5.111251165058583013e+00
-3.912856898525750182e+01
-3.571135258952310210e+00
-4.054203776762105349e+01
-2.276140639029904378e+00
-4.172759576029034889e+01
-1.190239668186364952e+00
-4.272422116839407380e+01
-2.720622362979199238e-01
-4.357505581532372219e+01
5.226342597362787501e-01
-4.432473395001110106e+01
1.238142344976111531e+00
-4.501646378059722053e+01
1.915849745694778505e+00
-4.568909867249431045e+01
2.591399496956931614e+00
-4.637444822623238849e+01
3.292211397161082687e+00
-4.709506520546852215e+01
4.035583660301526265e+00
-4.786270395438484115e+01
4.827541773433772221e+00
-4.867758408560145966e+01
5.662531474279752786e+00
-4.952851691747640928e+01
6.523972463944780031e+00
-5.039387015496532030e+01
7.385608146121292350e+00
-5.124326796485473068e+01
8.213513534919627546e+00
-5.203985767680548236e+01
8.968566593037088808e+00
-5.274292802894769494e+01
9.609153705415621971e+00
-5.331064190001391268e+01
1.009387104861618667e+01
-5.370265060865333595e+01
1.038400048359871874e+01
-5.388238573577184098e+01
1.044557841636100903e+01
-5.381887378467551031e+01
1.025093330542744496e+01
-5.348798223546481978e+01
9.779634709395025993e+00
-5.287307460651625490e+01
9.018865524617822871e+00
-5.196511849246757464e+01
7.963291015675622475e+00
-5.076234627075076844e+01
6.614546140411917463e+00
-4.926960690866319226e+01
4.980491228132201798e+00
-4.749756500900027589e+01
3.074392603443563132e+00
-4.546189862382944114e+01
9.141694038823047208e-01
-4.318262203923254816e+01
-1.478186420016818658e+00
-4.068361787269663665e+01
-4.076957819590056431e+00
-3.799241066319893179e+01
-6.852813543067824753e+00
-3.514015909873656085e+01
-9.772731246256206816e+00
-3.216179378615798612e+01
-1.279982701089021191e+01
-2.909618897057828590e+01
-1.589321596480256282e+01
-2.598623517615757095e+01
-1.900804028991904460e+01
-2.287867843590329286e+01
-2.209579181663707104e+01
-1.982361102330375857e+01
-2.510502756807720459e+01
-1.687353614700037241e+01
-2.798253151972559039e+01
-1.408198030083613972e+01
-3.067492008614719268e+01
-1.150168547867519919e+01
-3.313062942265221977e+01
-9.182471905905682519e+00
-3.530216703681958990e+01
-7.168912894983364481e+00
-3.714846552782800870e+01
-5.498000379890662259e+00
-3.863714827629033977e+01
-4.196997776459923557e+00
-3.974650936705767634e+01
-3.281673479198211396e+00
-4.046702423262333070e+01
-2.755083559119185566e+00
-4.080224214751012823e+01
-2.607028637816192429e+00
-4.076896302609482348e+01
-2.814252297036233585e+00
-4.039666325848607187e+01
-3.341383194176366089e+00
-3.972620158053484829e+01
-4.142557581743133710e+00
-3.880789882357688469e+01
-5.163600440494505506e+00
-3.769913792326921964e+01
-6.344598270084635061e+00
-3.646166718087679470e+01
-7.622669434871905736e+00
-3.515880681921397866e+01
-8.934731332971050932e+00
-3.385275507650291615e+01
-1.022007759118035608e+01
-3.260216660620245932e+01
-1.142261062506981872e+01
-3.146013626875950919e+01
-1.249262081177390726e+01
-3.047267076388569862e+01
-1.338805727217060593e+01
-2.967767536342476475e+01
-1.407529019832009354e+01
-2.910442997570006085e+01
-1.452941421687351031e+01
-2.877348411323902866e+01
-1.473418079130816061e+01
-2.869686900307790012e+01
-1.468167103854321986e+01
-2.887851018442194828e+01
-1.437182651719338544e+01
-2.931472641396639034e+01
-1.381194474093861402e+01
-2.999471923627942616e+01
-1.301622074630229520e+01
-3.090098882779967226e+01
-1.200538020038843356e+01
-3.200965078563091026e+01
-1.080640872051366230e+01
-3.329066958802437881e+01
-9.452342282649254912e+00
-3.470806153703424712e+01
-7.982050573488269407e+00
-3.622014775050539015e+01
-6.439923670293140390e+00
-3.777995214422678316e+01
-4.875365727784412684e+00
-3.933583807429109669e+01
-3.342008642713047095e+00
-4.083246021149923877e+01
-1.896583089646838971e+00
-4.221207720212053260e+01
-5.974209946755664191e-01
-4.341622946804279337e+01
4.973920445904767007e-01
-4.438774021737152253e+01
1.332149226816220278e+00
-4.507295218598850539e+01
1.855831753082419766e+00
-4.542407360696860508e+01
2.024452833003117291e+00
-4.540147947119600502e+01
1.803274405683254145e+00
-4.497580199323052597e+01
1.168730814782371397e+00
-4.412964921724020684e+01
1.099073498089353507e-01
-4.285881272363980798e+01
-1.370548599093808662e+00
-4.117286225872010874e+01
-3.256163129263704548e+00
-3.909507288028769523e+01
-5.517046170519002146e+00
-3.666168371625257549e+01
-8.110950398848352449e+00
-3.392054086018100634e+01
-1.098490133096890276e+01
-3.092922452557969137e+01
-1.407727846077390055e+01
-2.775279737777894695e+01
-1.732019739014206650e+01
-2.446133328167337595e+01
-2.064202864740727961e+01
-2.112739165130443553e+01
-2.396989124505932978e+01
-1.782359218378957522e+01
-2.723197699291935692e+01
-1.462041993103002824e+01
-3.035959238571511065e+01
-1.158435494320641368e+01
-3.328884433305450585e+01
-8.776378807737330590e+00
-3.596193905279887559e+01
-6.250867545312051021e+00
-3.832810482515431261e+01
-4.054841654831214726e+00
-4.034418415191111507e+01
-2.227514040729175804e+00
-4.197496534365221521e+01
-8.000582644487295170e-01
-4.319333527225412439e+01
2.044854170688239492e-01
-4.398033332325987743e+01
7.712406443128188016e-01
-4.432517253502631149e+01
8.935173025788714085e-01
-4.422527020204556436e+01
5.728535910707606149e-01
-4.368630070454995007e+01
-1.809249409240294426e-01
-4.272225256602154531e+01
-1.349661776119816636e+00
-4.135544437060494261e+01
-2.906897686635986133e+00
-3.961643431732048981e+01
-4.818042182570309251e+00
-3.754374893354938791e+01
-7.040762700308867750e+00
-3.518335947273938302e+01
-9.525656837630638307e+00
-3.258784979938726423e+01
-1.221725203181593145e+01
-2.981524551285029645e+01
-1.505534685735020695e+01
-2.692750764316001266e+01
-1.797667220029001101e+01
-2.398873140066784160e+01
-2.091681334508113110e+01
-2.106312658346217859e+01
-2.381230013461501471e+01
-1.821288679388808518e+01
-2.660274613150576783e+01
-1.549607566467900277e+01
-2.923290255707809493e+01
-1.296466701460087023e+01
-3.165449084381956624e+01
-1.066287086780138083e+01
-3.382768949085784982e+01
-8.625858812276756993e+00
-3.572217551479501907e+01
-6.878972066175730760e+00
-3.731765560181453623e+01
-5.437457036541232469e+00
-3.860386337326561801e+01
-4.306730248241464665e+00
-3.958004252413520874e+01
-3.483131901522035889e+00
-4.025397634288668769e+01
-2.955089518709840490e+00
-4.064065798315444766e+01
-2.704584074697358176e+00
-4.076071941315852598e+01
-2.708793508167644859e+00
-4.063874804487419823e+01
-2.941784030141803896e+00
-4.030161795059331098e+01
-3.376128098704292313e+00
-3.977694816209277917e+01
-3.984347739542585032e+00
-3.909177605103266728e+01
-4.740110230568284067e+00
-3.827150255160173487e+01
-5.619136304007867011e+00
-3.733913199104858904e+01
-6.599814821410106447e+00
-3.631479670539009419e+01
-7.663548301928159390e+00
-3.521552922265898644e+01
-8.794877291234708849e+00
-3.405522559414812633e+01
-9.981445899615120965e+00
-3.284473426538754381e+01
-1.121387474899697878e+01
-3.159200618805657612e+01
-1.248560126676382609e+01
-3.030225278420379098e+01
-1.379273228842536625e+01
-2.897807674809664036e+01
-1.513393291715008182e+01
-2.761956347539692302e+01
-1.651035190083898385e+01
-2.622434456337067843e+01
-1.792556107294967660e+01
-2.478766573034712906e+01
-1.938546811234517975e+01
-2.330250646989607333e+01
-2.089815082488748033e+01
-2.175980543711473558e+01
-2.247355914556056788e+01
-2.014884274213634896e+01
-2.412303869053301142e+01
-1.845781806909045386e+01
-2.585864623780362592e+01
-1.667464317931095508e+01
-2.769225106624589472e+01
-1.478794133953259049e+01
-2.963444375653359231e+01
-1.278821776385982645e+01
-3.169330237753842638e+01
-1.066913788236240279e+01
-3.387309132168817172e+01
-8.428827690913418991e+00
-3.617298706767018501e+01
-6.071095620071385923e+00
-3.858593522511417007e+01
-3.606470430105652270e+00
-4.109774275866177362e+01
-1.052955568941754905e+00
-4.368649795541238490e+01
1.563583064113899468e+00
-4.632238941178285785e+01
4.209453466675427080e+00
-4.896796617440268307e+01
6.843623522810467819e+00
-5.157884717825410092e+01
9.418647067824366559e+00
-5.410485284783274551e+01
1.188198593180280227e+01
-5.649149885079150124e+01
1.417765349185310697e+01
-5.868176489564380915e+01
1.624808211792463908e+01
-6.061803282699321471e+01
1.803610318632789244e+01
-6.224407976734489978e+01
1.948692516123716700e+01
-6.350701418008191013e+01
2.055000249054084804e+01
-6.435905477007125342e+01
2.118070443894978894e+01
-6.475907227917782905e+01
2.134171622061522555e+01
-6.467383981920293934e+01
2.100413192281052943e+01
-6.407896523678751066e+01
2.014822646062640388e+01
-6.295950584820381835e+01
1.876391898648492429e+01
-6.131028872210778502e+01
1.685096009076815449e+01
-5.913597619257402016e+01
1.441888786024483693e+01
-5.645092501773818583e+01
1.148680251020223864e+01
-5.327888820737483400e+01
8.083006053006407399e+00
-4.965260173630515794e+01
4.244543526504564568e+00
-4.561328580987434123e+01
1.666774177894581044e-02
-4.121007442659452380e+01
-4.547767067054060419e+00
-3.649937046428658505e+01
-9.388993073436015635e+00
-3.154410917123970393e+01
-1.444112085944398061e+01
-2.641290321106431094e+01
-1.963306499402111882e+01
-2.117903904731905484e+01
-2.488963238115812970e+01
-1.591929833620310042e+01
-3.013279505821581239e+01
-1.071258898080261801e+01
-3.528315494790635398e+01
-5.638387467219271088e+00
-4.026158880813947860e+01
-7.750150765865484459e-01
-4.499103958529303071e+01
3.802207022742194908e+00
-4.939839830875239812e+01
8.022857794698524003e+00
-5.341640142044400363e+01
1.182328862117141455e+01
-5.698545459351281295e+01
1.514837467467238241e+01
-6.005528766881890590e+01
1.795304997555211912e+01
-6.258634749274609987e+01
2.020353731125635477e+01
-6.455084636376430751e+01
2.187819925529672105e+01
-6.593340266270249117e+01
2.296795876334869035e+01
-6.673123532136881408e+01
2.347626512345654248e+01
-6.695390262401237180e+01
2.341861070086545737e+01
-6.662260558010312650e+01
2.282163299852199145e+01
-6.576910380690239322e+01
2.172186219674232177e+01
-6.443431483011319472e+01
2.016419410515065636e+01
-6.266668384413766546e+01
1.820018061948690047e+01
-6.052041894606209382e+01
1.588623347464417179e+01
-5.805368630579087608e+01
1.328183242494118588e+01
-5.532685123198226051e+01
1.044781700262619495e+01
-5.240083608550975924e+01
7.444823502452621256e+00
-4.933564658501254740e+01
4.331908155696304163e+00
-4.618909673731103993e+01
1.165376166548874437e+00
-4.301574198314128239e+01
-2.002183121541719402e+00
-3.986601251060194784e+01
-5.122670075434726300e+00
-3.678552587253723516e+01
-8.153082725310685674e+00
-3.381455114990176014e+01
-1.105598769446183738e+01
-3.098759618262506521e+01
-1.379988077259227452e+01
-2.833309427812474013e+01
-1.635945656828125294e+01
-2.587317597922615420e+01
-1.871579603182951246e+01
-2.362352306779344246e+01
-2.085646863006467910e+01
-2.159331386196517499e+01
-2.277553475270806160e+01
-1.978527887050179501e+01
-2.447342557680700992e+01
-1.819589216320159153e+01
-2.595667372058393951e+01
-1.681572506324233629e+01
-2.723746956650818163e+01
-1.562998436599655605e+01
-2.833302534706452036e+01
-1.461924740896150610e+01
-2.926474139428020749e+01
-1.376039190695307823e+01
-3.005718506150385139e+01
-1.302770112832905625e+01
-3.073691088157856655e+01
-1.239410676917857757e+01
-3.133116833987171290e+01
-1.183251503158626505e+01
-3.186655898190717195e+01
-1.131714809352343920e+01
-3.236771542024990822e+01
-1.082482517016331514e+01
-3.285607962303556917e+01
-1.033610594012121098e+01
-3.334885578290862185e+01
-9.836224724298368471e+00
-3.385820399661727009e+01
-9.315756150226523147e+00
-3.439072563737573063e+01
-8.770971028109425305e+00
-3.494727109811859123e+01
-8.203863080235940686e+00
-3.552307749814562499e+01
-7.621850849803308847e+00
-3.610822025865527962e+01
-7.037182211630145900e+00
-3.668834050940498059e+01
-6.466089166599694238e+00
-3.724559220120791281e+01
-5.927756102433733076e+00
-3.775974021961690141e+01
-5.443174100804981208e+00
-3.820933474672385444e+01
-5.033956510269504747e+00
-3.857288785795874020e+01
-4.721187001495096069e+00
-3.882998539202351651e+01
-4.524361516966607155e+00
-3.896227933233680574e+01
-4.460471356786470665e+00
-3.895432160312747527e+01
-4.543257974723694304e+00
-3.879421734706038905e+01
-4.782652917493614098e+00
-3.847409237219302724e+01
-5.184400694899558459e+00
-3.799038371112170864e+01
-5.749849867027933215e+00
-3.734397269458469282e+01
-6.475889428300188655e+00
-3.654018576002539476e+01
-7.355004186095200680e+00
-3.558868919764127270e+01
-8.375424134186577163e+00
-3.450330064419381415e+01
-9.521348042564099501e+00
-3.330173340135475257e+01
-1.077322936303751533e+01
-3.200528103712832717e+01
-1.210812148892193107e+01
-3.063844089040239993e+01
-1.350008772600689610e+01
-2.922846769951685886e+01
-1.492068745772058769e+01
-2.780484402827008950e+01
-1.633955270110203273e+01
-2.639865346856866068e+01
-1.772506781944475307e+01
-2.504184618577387766e+01
-1.904515945714074121e+01
-2.376639406563415591e+01
-2.026819427540616303e+01
-2.260334373657276785e+01
-2.136396984437727653e+01
-2.158178880338141425e+01
-2.230477055763142147e+01
-2.072779611357661622e+01
-2.306644739323333226e+01
-2.006333303415818392e+01
-2.362946949637657568e+01
-1.960525187128403601e+01
-2.397988844640432049e+01
-1.936439234245762364e+01
-2.411015385557691815e+01
-1.934486250653596429e+01
-2.401972225045372156e+01
-1.954355245442676647e+01
-2.371541001117564562e+01
-1.994992367607687811e+01
-2.321145486058427565e+01
-2.054610126767822109e+01
-2.252926782556414764e+01
-2.130727744188462580e+01
-2.169687712739954932e+01
-2.220241489866170070e+01
-2.074808525367075518e+01
-2.319521939658347165e+01
-1.972137865575480475e+01
-2.424533412789383036e+01
-1.865864441710800037e+01
-2.530969575893184498e+01
-1.760375854617709024e+01
-2.634398431879907321e+01
-1.660111547651509767e+01
-2.730409699615407959e+01
-1.569416770355312529e+01
-2.814757922772972876e+01
-1.492403865731175117e+01
-2.883495455982366096e+01
-1.432826184336189179e+01
-2.933090647053684563e+01
-1.393968630851813195e+01
-2.960527918118479107e+01
-1.378557418901210951e+01
-2.963387884231918434e+01
-1.388690207567499435e+01
-2.939906980115874191e+01
-1.425786564232373621e+01
-2.889017163184994530e+01
-1.490557754827090875e+01
-2.810367032977706714e+01
-1.582994272835181526e+01
-2.704326111407318933e+01
-1.702369297568304063e+01
-2.571974073987033549e+01
-1.847256385965866343e+01
-2.415076468834105583e+01
-2.015560071450988744e+01
-2.236048003866938672e+01
-2.204558555616479865e+01
-2.037903945517946624e+01
-2.410958208168409911e+01
-1.824199683021038965e+01
-2.630960010055092724e+01
-1.598958188451154960e+01
-2.860338279242539272e+01
-1.366585036077051996e+01
-3.094531934886596858e+01
-1.131770886261751841e+01
-3.328748154689611027e+01
-8.993818940593978795e+00
-3.558077581818987767e+01
-6.743393282574086101e+00
-3.777619307050067476e+01
-4.614906965860541277e+00
-3.982612792061296147e+01
-2.654757494517419047e+00
-4.168572840406709190e+01
-9.059174224320400981e-01
-4.331422801121278354e+01
5.933686104911188863e-01
-4.467620536057116709e+01
1.810785816373154944e+00
-4.574271400786403774e+01
2.720992886410321887e+00
-4.649222647012044973e+01
3.306453906300177437e+00
-4.691134271355157637e+01
3.558013537116885061e+00
-4.699522380771879426e+01
3.475182769158266183e+00
-4.674772540184254410e+01
3.066117843327816672e+00
-4.618122196937388679e+01
2.347291863899911846e+00
-4.531612996242706259e+01
1.342875708031961324e+00
-4.418015460018684593e+01
8.386055717385687558e-02
-4.280729953819867717e+01
-1.393032607262597367e+00
-4.123668991286148611e+01
-3.046601933002349938e+00
-3.951126638485892784e+01
-4.832512551830994596e+00
-3.767641041653457989e+01
-6.704683506370237467e+00
-3.577855919346046676e+01
-8.616657759194904287e+00
-3.386386288245682863e+01
-1.052290664294475064e+01
-3.197692821126002016e+01
-1.238002987789071696e+01
-3.015968182844063961e+01
-1.414782325023499254e+01
-2.845037582332072645e+01
-1.579019692868877733e+01
-2.688274737459365937e+01
-1.727593707898505926e+01
-2.548533576993236593e+01
-1.857931102153730762e+01
-2.428095372137089569e+01
-1.968052115342451813e+01
-2.328630630638729571e+01
-2.056601507964088782e+01
-2.251174993221166432e+01
-2.122865916061723723e+01
-2.196118498624035809e+01
-2.166778057566469684e+01
-2.163207855854314587e+01
-2.188907989926419972e+01
-2.151561686690002873e+01
-2.190441305061986199e+01
-2.159698979741875036e+01
-2.173143926709663987e+01
-2.185581141223267565e+01
-2.139313126240750762e+01
-2.226667968590014723e+01
-2.091714548406708474e+01
-2.279987576430409391e+01
-2.033505457020658369e+01
-2.342219769022199216e+01
-1.968145052182881827e+01
-2.409791619171765831e+01
-1.899293520996933538e+01
-2.478983148629005839e+01
-1.830702378019645948e+01
-2.546040106728051455e+01
-1.766099527512234602e+01
-2.607290018638937568e+01
-1.709073227540099538e+01
-2.659257029152767160e+01
-1.662959655287110650e+01
-2.698770695320363799e+01
-1.630738982578198915e+01
-2.723063847063460940e+01
-1.614944721034855490e+01
-2.729854971151702614e+01
-1.617590575476674530e+01
-2.717411272424403990e+01
-1.640118179901025997e+01
-2.684589579778971924e+01
-1.683367947723507285e+01
-2.630853512087457347e+01
-1.747573942397820446e+01
-2.556266693854123417e+01
-1.832382280773688876e+01
-2.461463192272231026e+01
-1.936891242031060756e+01
-2.347597615986970609e+01
-2.059710084300107980e+01
-2.216278364173504656e+01
-2.199032665665158603e+01
-2.069488260446357586e+01
-2.352721392470501982e+01
-1.909497200065994704e+01
-2.518396806500868124e+01
-1.738771469553965332e+01
-2.693528266117812109e+01
-1.559884090924042610e+01
-2.875521631835563952e+01
-1.375429957519270552e+01
-3.061800560796556425e+01
-1.187948748545637301e+01
-3.249878855610475625e+01
-9.998577330600156188e+00
-3.437422199590466931e+01
-8.133957010559537792e+00
-3.622298447573622582e+01
-6.305784791097728714e+00
-3.802616347339721870e+01
-4.531658698192067902e+00
-3.976753086302149853e+01
-2.826394402704963227e+00
-4.143371364852701078e+01
-1.201903839876038660e+00
-4.301426797202822883e+01
3.328332663048669815e-01
-4.450166368125898941e+01
1.771711421544758025e+00
-4.589118486726896151e+01
3.111359192796896878e+00
-4.718074948916243727e+01
4.350918894702985540e+00
-4.837064922665514644e+01
5.491746626824799193e+00
-4.946320972957052220e+01
6.537032882959465496e+00
-5.046237196429137128e+01
7.491345353213802127e+00
-5.137319764574534275e+01
8.360098717810174662e+00
-5.220130577143424944e+01
9.148961022330070136e+00
-5.295225271558185653e+01
9.863212177539423919e+00
-5.363087463840317781e+01
1.050707657772947101e+01
-5.424061736292915015e+01
1.108305796456739500e+01
-5.478288453531609292e+01
1.159130964988012380e+01
-5.525643899005491022e+01
1.202907625994614449e+01
-5.565689409182495950e+01
1.239024369105271006e+01
-5.597633093358889056e+01
1.266503160575229714e+01
-5.620307343271888811e+01
1.283985750829085504e+01
-5.632164668916227157e+01
1.289739347827124760e+01
-5.631293486712534246e+01
1.281682656902285800e+01
-5.615454401941169493e+01
1.257432248422801280e+01
-5.582136356619405859e+01
1.214368037043787041e+01
-5.528630854458354094e+01
1.149715539380984097e+01
-5.452121423211593054e+01
1.060641612739728856e+01
-5.349784617413727261e+01
9.443596432143849029e+00
-5.218898266131878216e+01
7.982396995582199395e+00
-5.056952370754301995e+01
6.199190232227195452e+00
-4.861758064272206781e+01
4.074083790045833098e+00
-4.631550335592572765e+01
1.591902086096638413e+00
-4.365080751875672149e+01
-1.256948465346255261e+00
-4.061697111366435564e+01
-4.475757317664140089e+00
-3.721407750083385224e+01
-8.060949469908056386e+00
-3.344929027911155117e+01
-1.200169787985581493e+01
-2.933715261227587945e+01
-1.627971264564284581e+01
-2.489970993519526132e+01
-2.086920547569097550e+01
-2.016645968343775408e+01
-2.573702404558817136e+01
-1.517413480653990554e+01
-3.084294849785275971e+01
-9.966329461189431527e+00
-3.614014131911559247e+01
-4.592975789713307222e+00
-4.157574171244962002e+01
8.903194481549192574e-01
-4.709159583486242440e+01
6.423069852642846911e+00
-5.262511433929088156e+01
1.194082721618253373e+01
-5.811024805645563873e+01
1.737621237372326988e+01
-6.347857101545495340e+01
2.266004700389618876e+01
-6.866045717152681505e+01
2.772257089614123515e+01
-7.358633323764053102e+01
3.249472474447271964e+01
-7.818798518431896127e+01
3.690947343393051483e+01
-8.239989074164871852e+01
4.090313957073485085e+01
-8.616054520867373867e+01
4.441671233349882186e+01
-8.941374371414821098e+01
4.739709323110469086e+01
-9.210978040715193060e+01
4.979823864923744736e+01
-9.420652442190367992e+01
5.158215959178909316e+01
-9.567033420939418420e+01
5.271974202743885485e+01
-9.647677608520521630e+01
5.319135672957625616e+01
-9.661111948317756060e+01
5.298723520719642011e+01
-9.606859005961172215e+01
5.210759777853030528e+01
-9.485437187908453893e+01
5.056253037708148668e+01
-9.298336070659900088e+01
4.837161752179903829e+01
-9.047968111700697591e+01
4.556334921704859653e+01
-8.737598992456432256e+01
4.217432861868786631e+01
-8.371259662577818972e+01
3.824831447914213811e+01
-7.953643760254858819e+01
3.383513723490665370e+01
-7.489994442871319791e+01
2.898952991934258705e+01
-6.985984767860215072e+01
2.376991491702861481e+01
-6.447595631243748926e+01
1.823718518860695781e+01
-5.880994937755315277e+01
1.245351444153028808e+01
-5.292421194250925964e+01
6.481225386260469179e+00
-4.688074148471221747e+01
3.817393197696361540e-01
-4.074014501074192651e+01
-5.785375565555639810e+00
-3.456074156551767373e+01
-1.196324504023537827e+01
-2.839777992430910913e+01
-1.809841112207292824e+01
-2.230277743245293820e+01
-2.414143131470654069e+01
-1.632298324799298683e+01
-3.004735250522618273e+01
-1.050096755071671950e+01
-3.577605849696703899e+01
-4.874337349569181299e+00
-4.129249083579490787e+01
5.244210109998306280e-01
-4.656674307731103823e+01
5.667973094854090732e+00
-5.157402934690131246e+01
1.053404277194395888e+01
-5.629452932931904741e+01
1.510519684510617822e+01
-6.071311393031062664e+01
1.936851355275265973e+01
-6.481895888860412924e+01
2.331514407125384025e+01
-6.860505750190213803e+01
2.693978037621430133e+01
-7.206764812893214867e+01
3.024004748511724472e+01
-7.520557685087744915e+01
3.321584276106128186e+01
-7.801962013691489517e+01
3.586864909012325597e+01
-8.051179603250896832e+01
3.820085183358388292e+01
-8.268469477620375585e+01
4.021509104050076644e+01
-8.454086044468547811e+01
4.191368014058167546e+01
-8.608225395826684689e+01
4.329812004914947465e+01
-8.730982447324194595e+01
4.436873332168468664e+01
-8.822321095953159897e+01
4.512443691452392613e+01
-8.882058892996946042e+01
4.556266464057154053e+01
-8.909866932100513282e+01
4.567944210030717045e+01
-8.905284803069767463e+01
4.546960834429643228e+01
-8.867749623379887680e+01
4.492717044399026349e+01
-8.796637396881601489e+01
4.404577011108489160e+01
-8.691314317270487777e+01
4.281923601771271137e+01
-8.551195176718778157e+01
4.124219187009340715e+01
-8.375805781373298942e+01
3.931068873663885199e+01
-8.164846222556472810e+01
3.702283058829017648e+01
-7.918251991558148006e+01
3.437936425843452071e+01
-7.636250227427383663e+01
3.138420870617977698e+01
-7.319408809215457268e+01
2.804490310688147758e+01
-6.968676497492151611e+01
2.437295839426307964e+01
-6.585412844520952547e+01
2.038410195657543511e+01
-6.171407083180795894e+01
1.609840983470979836e+01
-5.728885635732721937e+01
1.154032469000294725e+01
-5.260508232882872903e+01
6.738560855406511507e+00
-4.769352893058000831e+01
1.725899947281931190e+00
-4.258890188770426022e+01
-3.461118063708390480e+00
-3.732947339803384068e+01
-8.782602520070820873e+00
-3.195662748874340409e+01
-1.419581198630112340e+01
-2.651431665433410245e+01
-1.965573912492484610e+01
-2.104843756057656634e+01
-2.511577213013364229e+01
-1.560613498264814680e+01
-3.052842264362252678e+01
-1.023504511092695068e+01
-3.584610781604535390e+01
-4.982491898323271329e+00
-4.102197138942898391e+01
1.053468928722196551e-01
-4.601072556133732405e+01
4.984284116680143484e+00
-5.076949225491760131e+01
9.612955306240394293e+00
-5.525861963779611585e+01
1.395361308725102845e+01
-5.944244771311574027e+01
1.797285715708157738e+01
-6.328999591659726320e+01
2.164227284451365563e+01
-6.677554619997394525e+01
2.493895260008547154e+01
-6.987909723680682816e+01
2.784587775205351079e+01
-7.258666918580311744e+01
3.035214244429452890e+01
-7.489044375964289202e+01
3.245300764729456944e+01
-7.678873089498559068e+01
3.414978014828420783e+01
-7.828576068894656714e+01
3.544951902768207219e+01
-7.939130696375600849e+01
3.636457978492285292e+01
-8.012015630487167073e+01
3.691201345577594850e+01
-8.049144316471949878e+01
3.711284426357283905e+01
-8.052787717893855302e+01
3.699125416837448199e+01
-8.025489285599483935e+01
3.657370583316277646e+01
-7.969975407085843244e+01
3.588803689745436998e+01
-7.889064626806094793e+01
3.496255805668170069e+01
-7.785578806863186685e+01
3.382518547201969739e+01
-7.662259131241425791e+01
3.250263477131341006e+01
-7.521689479636259534e+01
3.101969972411451693e+01
-7.366229248682901698e+01
2.939863398690043539e+01
-7.197957219412882068e+01
2.765864951758237567e+01
-7.018627597514080207e+01
2.581554068425302262e+01
-6.829638917049835811e+01
2.388143899537088544e+01
-6.632016117766788454e+01
2.186469989177756190e+01
-6.426405790119970618e+01
1.976992019394916156e+01
-6.213084326656425560e+01
1.759808250828908172e+01
-5.991978512052091332e+01
1.534682101032046830e+01
-5.762697907910738593e+01
1.301080133221225310e+01
-5.524578221442037318e+01
1.058220558132858002e+01
-5.276734669343671413e+01
8.051311624179845694e+00
-5.018124144775401163e+01
5.407153577165182412e+00
-4.747614759496664760e+01
2.638247926631287044e+00
-4.464061067345665634e+01
-2.666330636190252790e-01
-4.166382992436977872e+01
-3.317661838428605847e+00
-3.853646207014347169e+01
-6.523153769817128023e+00
-3.525141458345721190e+01
-9.888789121375481272e+00
-3.180460162389911005e+01
-1.341688615104666482e+01
-2.819563495402740472e+01
-1.710575303694448479e+01
-2.442842248079714196e+01
-2.094914530089150873e+01
-2.051164878417825221e+01
-2.493585297055590289e+01
-1.645911514762946481e+01
-2.904943786489285529e+01
-1.228992113128769859e+01
-3.326813623906158313e+01
-8.028475436181825131e+00
-3.756493583635760558e+01
-3.704330388916908134e+00
-4.190782951945015355e+01
6.481585608387021580e-01
-4.626024051418390570e+01
4.990339836199986223e+00
-5.058160734864490138e+01
9.279924039132403379e+00
-5.482811024587137894e+01
1.347177251997191405e+01
-5.895351541338687440e+01
1.751879047035006209e+01
-6.291010965743834760e+01
2.137289550797563464e+01
-6.664969521440292510e+01
2.498603095271924701e+01
-7.012461368334194844e+01
2.831119272861731417e+01
-7.328876839175659086e+01
3.130343994078651804e+01
-7.609861624820473480e+01
3.392086143897134320e+01
-7.851410286674654060e+01
3.612547380186957469e+01
-8.049951818146645621e+01
3.788402983723625539e+01
-8.202425357872731126e+01
3.916872057985118261e+01
-8.306344547102453646e+01
3.995775761268603787e+01
-8.359849397663981563e+01
4.023582613352826343e+01
-8.361744879407804376e+01
3.999440242335296603e+01
-8.311525739234495802e+01
3.923193220664862224e+01
-8.209387329002701961e+01
3.795386888192452091e+01
-8.056222454280656109e+01
3.617257284019727592e+01
-7.853604473129090024e+01
3.390707522744392577e+01
-7.603757087927165514e+01
3.118271168374016611e+01
-7.309511497517186740e+01
2.803063392071696569e+01
-6.974251820533687862e+01
2.448720954983153320e+01
-6.601849966926147317e+01
2.059332333839891760e+01
-6.196591419450022897e+01
1.639359596600785096e+01
-5.763093677629676392e+01
